12124
15550
20487
26323
28820
29439
42910
45114
47740
47769
48873
50304
51179
53488
57337
63456
80211
80975
82158
83186
85612
90451
91619
92166
92485
93028
95443
96879
111577
114198
115751
116711
118179
123037
125535
128187
137602
176905
178641
180470
190736
190770
202846
204155
210112
215435
215987
217004
218323
248169
252560
253395
254795
255995
256065
257665
258395
258760
271683
275639
290234
292250
292837
294426
297094
300687
303983
308383
308586
311458
317069
319457
319476
330058
332075
334865
336196
337935
338357
352697
355429
356751
362265
363699
364001
366889
367931
368905
369705
376698
390020
394127
397667
413284
419665
419729
475479
481570
487105
487270
488155
